MON-VER - 0A 04 DC 00 45 58 54 20 43 4F 52 45 20 31 2E 30 30 20 28 66 31 30 63 33 36 29 00 00 00 00 00 00 00 00 30 30 31 39 30 30 30 30 00 00 52 4F 4D 20 42 41 53 45 20 30 78 31 31 38 42 32 30 36 30 00 00 00 00 00 00 00 00 00 00 00 46 57 56 45 52 3D 48 50 47 20 31 2E 31 33 00 00 00 00 00 00 00 00 00 00 00 00 00 00 00 00 50 52 4F 54 56 45 52 3D 32 37 2E 31 32 00 00 00 00 00 00 00 00 00 00 00 00 00 00 00 00 00 4D 4F 44 3D 5A 45 44 2D 46 39 50 00 00 00 00 00 00 00 00 00 00 00 00 00 00 00 00 00 00 00 47 50 53 3B 47 4C 4F 3B 47 41 4C 3B 42 44 53 00 00 00 00 00 00 00 00 00 00 00 00 00 00 00 53 42 41 53 3B 51 5A 53 53 00 00 00 00 00 00 00 00 00 00 00 00 00 00 00 00 00 00 00 00 00
CFG-MSG - 06 01 03 00 01 07 01
CFG-MSG - 06 01 03 00 01 35 01
CFG-MSG - 06 01 03 00 01 3B 01
CFG-MSG - 06 01 03 00 0C 10 01
CFG-MSG - 06 01 03 00 0A 11 01
CFG-MSG - 06 01 03 00 03 10 01
CFG-MSG - 06 01 03 00 03 0F 01
CFG-MSG - 06 01 03 00 01 22 01
CFG-MSG - 06 01 03 00 0A 26 01
CFG-MSG - 06 01 03 00 01 34 01
CFG-MSG - 06 01 03 00 03 09 01
CFG-MSG - 06 01 03 00 0C 34 01
CFG-MSG - 06 01 03 00 0A 30 01
